alphai:    137.035999
ww:        0
wh:        0
wtp:       0

mh:        125
mw:        80.4628
mz:        91.1876


men:       1e-10
mel:       0.51099891e-3
mmn:       1e-10
mmo:       0.105658367
mtn:       1e-10
mta:       1.77684
mup:       0.06983
mdn:       0.06984
mch:       1.2
mst:       0.15
mtp:       174
mbt:       4.6
